6 0
3 \6
1 2 \ 3

rtw_drv_init
    -sdio_dvobj_init-object initialise
    -rtw_sdio_if1_init
        //-rtw_init_netdev
        -rtw_set_hal_ops
            -rtl8723bs_set_hal_ops // sdiohal_init
                -rtl8723b_set_hal_ops//sdiohal_init


1   2  3 4

11  9  3
13  5  13

3+2*3+2*2*3+1*3*3
3 +2*1 + 2*1*3+ 2*3+       3*3    
3+6+12+9
https://www.codechef.com/viewsolution/14401494
1ff 155 133 111 10f 105 103 101 ff 55 33 11 f 5 3 1 1ff 155 133 111 10f 105 103 101 ff 55 33 11 f 5 3 1 1ff 155 133 111 
3ff 155 333 111 30f 105 303 101 ff 55 33 11 f 5 3 1 3ff 155 333 111 30f 105 303 101 ff 55 33 11 f 5 3 1 3ff 155 333 111 30f 105 303 101 
ffff 5555 3333 1111 f0f 505 303 101 ff 55 33 11 f 5 3 1 ffff 5555 3333 1111 f0f 505 303 101 ff 55 33 11 f 5 3 1 ffff 5555 3333 1111 f0f 505 303 101 ff 55 33 11 f 5 3 1 ffff 5555 3333 1111 f0f 505 303 101 ff 55 33 11 f 5 3 1 
1ffff 15555 13333 11111 10f0f 10505 10303 10101 100ff 10055 10033 10011 1000f 10005 10003 10001 ffff 5555 3333 1111 f0f 505 303 101 ff 55 33 11 f 5 3 1 1ffff 15555 13333 11111 10f0f 10505 10303 10101 100ff 10055 10033 10011 1000f 10005 10003 10001 ffff 5555 3333 1111 f0f 505 303 101 ff 55 33 11 f 5 3 1 1ffff 15555 13333 11111 